10 0.050000 0.665988 -1564.572508 -1308.832970 -1308.832970
20 0.100000 0.332295 -1436.215661 -1308.614399 -1308.614399
30 0.150000 0.368368 -1450.234575 -1308.781269 -1308.781269
40 0.200000 0.381468 -1455.231913 -1308.748066 -1308.748066
50 0.250000 0.388506 -1457.931281 -1308.744817 -1308.744817
60 0.300000 0.410525 -1466.385169 -1308.743679 -1308.743679
70 0.350000 0.414054 -1467.747797 -1308.750951 -1308.750951
80 0.400000 0.391082 -1458.906943 -1308.731268 -1308.731268
90 0.450000 0.395614 -1460.648493 -1308.732591 -1308.732591
100 0.500000 0.425672 -1472.200803 -1308.742586 -1308.742586
110 0.550000 0.441720 -1478.374010 -1308.753620 -1308.753620
120 0.600000 0.425647 -1472.184560 -1308.736189 -1308.736189
130 0.650000 0.435687 -1476.038254 -1308.734561 -1308.734561
140 0.700000 0.451073 -1481.974783 -1308.762759 -1308.762759
150 0.750000 0.418053 -1469.252537 -1308.720052 -1308.720052
160 0.800000 0.432099 -1474.686205 -1308.760199 -1308.760199
170 0.850000 0.429754 -1473.765756 -1308.740180 -1308.740180
180 0.900000 0.436574 -1476.397876 -1308.753504 -1308.753504
190 0.950000 0.420006 -1470.021586 -1308.739188 -1308.739188
200 1.000000 0.428456 -1473.253535 -1308.726479 -1308.726479
210 1.050000 0.479619 -1492.946632 -1308.773010 -1308.773010
220 1.100000 0.455121 -1483.500935 -1308.734377 -1308.734377
230 1.150000 0.438871 -1477.276883 -1308.750497 -1308.750497
240 1.200000 0.439698 -1477.578639 -1308.734758 -1308.734758
250 1.250000 0.467837 -1488.417814 -1308.768451 -1308.768451
260 1.300000 0.439147 -1477.369741 -1308.737309 -1308.737309
270 1.350000 0.434998 -1475.783545 -1308.744131 -1308.744131
280 1.400000 0.463259 -1486.637520 -1308.746146 -1308.746146
290 1.450000 0.471658 -1489.872776 -1308.755984 -1308.755984
300 1.500000 0.435477 -1475.959167 -1308.736115 -1308.736115
310 1.550000 0.420925 -1470.376741 -1308.741403 -1308.741403
320 1.600000 0.430253 -1473.959792 -1308.742771 -1308.742771
330 1.650000 0.445225 -1479.717996 -1308.751655 -1308.751655
340 1.700000 0.444190 -1479.316030 -1308.747257 -1308.747257
350 1.750000 0.444419 -1479.410968 -1308.754060 -1308.754060
360 1.800000 0.429379 -1473.625113 -1308.743746 -1308.743746
370 1.850000 0.438354 -1477.071965 -1308.744017 -1308.744017
380 1.900000 0.466344 -1487.835392 -1308.759284 -1308.759284
390 1.950000 0.453269 -1482.806226 -1308.750939 -1308.750939
400 2.000000 0.416140 -1468.536572 -1308.738714 -1308.738714
410 2.050000 0.421731 -1470.703663 -1308.758941 -1308.758941
420 2.100000 0.424464 -1471.731144 -1308.737124 -1308.737124
430 2.150000 0.447683 -1480.653913 -1308.743533 -1308.743533
440 2.200000 0.471534 -1489.816116 -1308.747062 -1308.747062
450 2.250000 0.461557 -1485.978956 -1308.741251 -1308.741251
460 2.300000 0.459750 -1485.286113 -1308.742088 -1308.742088
470 2.350000 0.468494 -1488.650928 -1308.749103 -1308.749103
480 2.400000 0.452068 -1482.354183 -1308.760025 -1308.760025
490 2.450000 0.422029 -1470.785996 -1308.726679 -1308.726679
500 2.500000 0.447052 -1480.434642 -1308.766737 -1308.766737
510 2.550000 0.433999 -1475.390587 -1308.734961 -1308.734961
520 2.600000 0.432441 -1474.817615 -1308.760434 -1308.760434
530 2.650000 0.430839 -1474.181128 -1308.738766 -1308.738766
540 2.700000 0.454236 -1483.185872 -1308.759273 -1308.759273
550 2.750000 0.458764 -1484.914331 -1308.748892 -1308.748892
560 2.800000 0.467814 -1488.409974 -1308.769327 -1308.769327
570 2.850000 0.439774 -1477.617598 -1308.744281 -1308.744281
580 2.900000 0.432148 -1474.703986 -1308.759212 -1308.759212
590 2.950000 0.418741 -1469.533603 -1308.737002 -1308.737002
600 3.000000 0.451834 -1482.253068 -1308.748802 -1308.748802
610 3.050000 0.471592 -1489.855507 -1308.764359 -1308.764359
620 3.100000 0.451953 -1482.291271 -1308.741338 -1308.741338
630 3.150000 0.447600 -1480.634618 -1308.756281 -1308.756281
640 3.200000 0.452422 -1482.484264 -1308.754130 -1308.754130
650 3.250000 0.459212 -1485.097395 -1308.759826 -1308.759826
660 3.300000 0.442897 -1478.828382 -1308.755819 -1308.755819
670 3.350000 0.435377 -1475.932446 -1308.747677 -1308.747677
680 3.400000 0.448693 -1481.055925 -1308.757805 -1308.757805
690 3.450000 0.451723 -1482.208474 -1308.746855 -1308.746855
700 3.500000 0.450567 -1481.771578 -1308.753969 -1308.753969
710 3.550000 0.439808 -1477.625297 -1308.738849 -1308.738849
720 3.600000 0.452962 -1482.682393 -1308.744833 -1308.744833
730 3.650000 0.461794 -1486.088231 -1308.759162 -1308.759162
740 3.700000 0.444927 -1479.593394 -1308.741255 -1308.741255
750 3.750000 0.449840 -1481.500459 -1308.761878 -1308.761878
760 3.800000 0.428200 -1473.155680 -1308.726855 -1308.726855
770 3.850000 0.454706 -1483.376012 -1308.768902 -1308.768902
780 3.900000 0.456916 -1484.203552 -1308.747709 -1308.747709
790 3.950000 0.441851 -1478.417756 -1308.746789 -1308.746789
800 4.000000 0.430532 -1474.063805 -1308.739425 -1308.739425
810 4.050000 0.434411 -1475.576404 -1308.762692 -1308.762692
820 4.100000 0.409379 -1465.925365 -1308.723894 -1308.723894
830 4.150000 0.443905 -1479.207983 -1308.748604 -1308.748604
840 4.200000 0.467580 -1488.317781 -1308.766987 -1308.766987
850 4.250000 0.435160 -1475.841136 -1308.739675 -1308.739675
860 4.300000 0.445908 -1479.996091 -1308.767565 -1308.767565
870 4.350000 0.439765 -1477.606894 -1308.737254 -1308.737254
880 4.400000 0.469239 -1488.950776 -1308.762812 -1308.762812
890 4.450000 0.483971 -1494.611471 -1308.766553 -1308.766553
900 4.500000 0.443867 -1479.182103 -1308.737019 -1308.737019
910 4.550000 0.447974 -1480.787081 -1308.765175 -1308.765175
920 4.600000 0.444737 -1479.529112 -1308.750249 -1308.750249
930 4.650000 0.451970 -1482.319264 -1308.762719 -1308.762719
940 4.700000 0.439127 -1477.374370 -1308.749675 -1308.749675
950 4.750000 0.439770 -1477.647739 -1308.775997 -1308.775997
960 4.800000 0.410665 -1466.435343 -1308.740071 -1308.740071
970 4.850000 0.407578 -1465.258845 -1308.748712 -1308.748712
980 4.900000 0.435569 -1476.016067 -1308.757676 -1308.757676
990 4.950000 0.449857 -1481.503888 -1308.758713 -1308.758713
1000 5.000000 0.451755 -1482.217717 -1308.743723 -1308.743723
1010 5.050000 0.468382 -1488.607713 -1308.749133 -1308.749133
1020 5.100000 0.462502 -1486.340572 -1308.739726 -1308.739726
1030 5.150000 0.451624 -1482.169447 -1308.745729 -1308.745729
1040 5.200000 0.435661 -1476.028165 -1308.734429 -1308.734429
1050 5.250000 0.454901 -1483.443960 -1308.761794 -1308.761794
1060 5.300000 0.443232 -1478.946167 -1308.745199 -1308.745199
1070 5.350000 0.429296 -1473.593521 -1308.743779 -1308.743779
1080 5.400000 0.440315 -1477.821502 -1308.740466 -1308.740466
1090 5.450000 0.451052 -1481.937867 -1308.734050 -1308.734050
1100 5.500000 0.461259 -1485.870808 -1308.747184 -1308.747184
1110 5.550000 0.460963 -1485.754597 -1308.744615 -1308.744615
1120 5.600000 0.464943 -1487.277502 -1308.739440 -1308.739440
1130 5.650000 0.468272 -1488.569328 -1308.752852 -1308.752852
1140 5.700000 0.439644 -1477.563869 -1308.740407 -1308.740407
1150 5.750000 0.423858 -1471.507335 -1308.745985 -1308.745985
1160 5.800000 0.421739 -1470.697744 -1308.749793 -1308.749793
1170 5.850000 0.438198 -1477.027541 -1308.759442 -1308.759442
1180 5.900000 0.446847 -1480.339325 -1308.750099 -1308.750099
1190 5.950000 0.460383 -1485.541087 -1308.753920 -1308.753920
1200 6.000000 0.450030 -1481.566120 -1308.754691 -1308.754691
1210 6.050000 0.431905 -1474.577734 -1308.726330 -1308.726330
1220 6.100000 0.467072 -1488.108419 -1308.752755 -1308.752755
1230 6.150000 0.458790 -1484.929924 -1308.754625 -1308.754625
1240 6.200000 0.436503 -1476.356519 -1308.739540 -1308.739540
1250 6.250000 0.437191 -1476.637117 -1308.755824 -1308.755824
1260 6.300000 0.419597 -1469.866027 -1308.740893 -1308.740893
1270 6.350000 0.432857 -1474.970115 -1308.752910 -1308.752910
1280 6.400000 0.462003 -1486.174434 -1308.765392 -1308.765392
1290 6.450000 0.457135 -1484.286169 -1308.746256 -1308.746256
1300 6.500000 0.442697 -1478.730333 -1308.734510 -1308.734510
1310 6.550000 0.451353 -1482.086932 -1308.767543 -1308.767543
1320 6.600000 0.416403 -1468.631394 -1308.732804 -1308.732804
1330 6.650000 0.432413 -1474.806692 -1308.760128 -1308.760128
1340 6.700000 0.452577 -1482.544474 -1308.755056 -1308.755056
1350 6.750000 0.443534 -1479.063858 -1308.746627 -1308.746627
1360 6.800000 0.439788 -1477.617838 -1308.739415 -1308.739415
1370 6.850000 0.459272 -1485.135714 -1308.775315 -1308.775315
1380 6.900000 0.434482 -1475.575946 -1308.734878 -1308.734878
1390 6.950000 0.448250 -1480.883013 -1308.755149 -1308.755149
1400 7.000000 0.470748 -1489.524478 -1308.757335 -1308.757335
1410 7.050000 0.471070 -1489.647240 -1308.756312 -1308.756312
1420 7.100000 0.453158 -1482.759628 -1308.746954 -1308.746954
1430 7.150000 0.458237 -1484.722623 -1308.759767 -1308.759767
1440 7.200000 0.452589 -1482.547557 -1308.753224 -1308.753224
1450 7.250000 0.438883 -1477.295640 -1308.764516 -1308.764516
1460 7.300000 0.428860 -1473.449400 -1308.767273 -1308.767273
1470 7.350000 0.427427 -1472.878278 -1308.746375 -1308.746375
1480 7.400000 0.468575 -1488.709984 -1308.777063 -1308.777063
1490 7.450000 0.465965 -1487.688730 -1308.758326 -1308.758326
1500 7.500000 0.447067 -1480.423795 -1308.750176 -1308.750176
1510 7.550000 0.439463 -1477.515137 -1308.761331 -1308.761331
1520 7.600000 0.435751 -1476.076414 -1308.748160 -1308.748160
1530 7.650000 0.457730 -1484.535348 -1308.766866 -1308.766866
1540 7.700000 0.431557 -1474.459719 -1308.741985 -1308.741985
1550 7.750000 0.442541 -1478.707201 -1308.771535 -1308.771535
1560 7.800000 0.434493 -1475.598919 -1308.753487 -1308.753487
1570 7.850000 0.426727 -1472.617491 -1308.754505 -1308.754505
1580 7.900000 0.445815 -1479.958492 -1308.765386 -1308.765386
1590 7.950000 0.441278 -1478.207219 -1308.756463 -1308.756463
1600 8.000000 0.422246 -1470.883615 -1308.741184 -1308.741184
1610 8.050000 0.442782 -1478.797727 -1308.769545 -1308.769545
1620 8.100000 0.437818 -1476.855679 -1308.733588 -1308.733588
1630 8.150000 0.459820 -1485.329209 -1308.758398 -1308.758398
1640 8.200000 0.458712 -1484.907794 -1308.762246 -1308.762246
1650 8.250000 0.424879 -1471.894902 -1308.741234 -1308.741234
1660 8.300000 0.424069 -1471.598766 -1308.756167 -1308.756167
1670 8.350000 0.438399 -1477.121304 -1308.775976 -1308.775976
1680 8.400000 0.441732 -1478.389153 -1308.763929 -1308.763929
1690 8.450000 0.427861 -1473.058067 -1308.759578 -1308.759578
1700 8.500000 0.416586 -1468.720993 -1308.752023 -1308.752023
1710 8.550000 0.444647 -1479.518608 -1308.774074 -1308.774074
1720 8.600000 0.438252 -1477.048611 -1308.759955 -1308.759955
1730 8.650000 0.435671 -1476.054458 -1308.756914 -1308.756914
1740 8.700000 0.449119 -1481.220793 -1308.759117 -1308.759117
1750 8.750000 0.452491 -1482.522353 -1308.765754 -1308.765754
1760 8.800000 0.438863 -1477.264444 -1308.741127 -1308.741127
1770 8.850000 0.455162 -1483.531008 -1308.748800 -1308.748800
1780 8.900000 0.470632 -1489.492134 -1308.769585 -1308.769585
1790 8.950000 0.443766 -1479.159887 -1308.753629 -1308.753629
1800 9.000000 0.434780 -1475.724932 -1308.769596 -1308.769596
1810 9.050000 0.432119 -1474.684494 -1308.750872 -1308.750872
1820 9.100000 0.448773 -1481.087602 -1308.758901 -1308.758901
1830 9.150000 0.445518 -1479.848532 -1308.769780 -1308.769780
1840 9.200000 0.427810 -1473.038331 -1308.759335 -1308.759335
1850 9.250000 0.448319 -1480.912999 -1308.758619 -1308.758619
1860 9.300000 0.474429 -1490.960472 -1308.779770 -1308.779770
1870 9.350000 0.447748 -1480.692825 -1308.757545 -1308.757545
1880 9.400000 0.442554 -1478.713015 -1308.772465 -1308.772465
1890 9.450000 0.447233 -1480.502713 -1308.765190 -1308.765190
1900 9.500000 0.463902 -1486.910998 -1308.772677 -1308.772677
1910 9.550000 0.452807 -1482.626228 -1308.748153 -1308.748153
1920 9.600000 0.462087 -1486.214361 -1308.772761 -1308.772761
1930 9.650000 0.449309 -1481.286966 -1308.752373 -1308.752373
1940 9.700000 0.431180 -1474.343185 -1308.769972 -1308.769972
1950 9.750000 0.417166 -1468.940087 -1308.748456 -1308.748456
1960 9.800000 0.453005 -1482.735038 -1308.781235 -1308.781235
1970 9.850000 0.447134 -1480.449604 -1308.750315 -1308.750315
1980 9.900000 0.457555 -1484.468534 -1308.767546 -1308.767546
1990 9.950000 0.474811 -1491.082364 -1308.755090 -1308.755090
2000 10.000000 0.487064 -1495.799714 -1308.767160 -1308.767160
