10 0.050000 0.089870 -5451.244336 -5334.772880 -5334.968175
20 0.100000 0.056099 -5402.929979 -5330.226102 -5334.941342
30 0.150000 0.034020 -5367.840227 -5323.750937 -5334.921885
40 0.200000 0.041931 -5368.873250 -5314.530170 -5334.937276
50 0.250000 0.058663 -5383.042658 -5307.015782 -5334.948140
60 0.300000 0.067487 -5388.886799 -5301.423605 -5334.944403
70 0.350000 0.069608 -5386.680049 -5296.467992 -5334.938350
80 0.400000 0.071019 -5383.333331 -5291.293312 -5334.934496
90 0.450000 0.073877 -5383.730998 -5287.985901 -5334.936298
100 0.500000 0.078174 -5384.134765 -5282.821416 -5334.936790
110 0.550000 0.079400 -5381.140921 -5278.238086 -5334.935905
120 0.600000 0.075964 -5375.202189 -5276.752598 -5334.932369
130 0.650000 0.074928 -5370.595843 -5273.488794 -5334.929553
140 0.700000 0.075092 -5369.830861 -5272.511606 -5334.929293
150 0.750000 0.077694 -5372.531499 -5271.840722 -5334.931859
160 0.800000 0.080893 -5373.638355 -5268.801403 -5334.931314
170 0.850000 0.081961 -5372.426130 -5266.204059 -5334.929395
180 0.900000 0.083510 -5370.732087 -5262.503138 -5334.926950
190 0.950000 0.083168 -5370.906565 -5263.120437 -5334.928597
200 1.000000 0.085405 -5370.961330 -5260.276560 -5334.931103
210 1.050000 0.085075 -5367.201392 -5256.944774 -5334.927410
220 1.100000 0.084666 -5364.415378 -5254.688646 -5334.924820
230 1.150000 0.087897 -5366.411430 -5252.496271 -5334.927415
240 1.200000 0.090856 -5368.893282 -5251.143804 -5334.929239
250 1.250000 0.091281 -5368.106157 -5249.805416 -5334.928083
260 1.300000 0.088624 -5364.586061 -5249.729162 -5334.925998
270 1.350000 0.089529 -5363.927306 -5247.897979 -5334.925133
280 1.400000 0.091503 -5366.210338 -5247.621929 -5334.929221
290 1.450000 0.093829 -5364.997598 -5243.395443 -5334.927288
300 1.500000 0.094521 -5361.408417 -5238.909821 -5334.923843
310 1.550000 0.092704 -5358.941758 -5238.797559 -5334.925574
320 1.600000 0.091156 -5356.593526 -5238.455075 -5334.924105
330 1.650000 0.092421 -5355.642270 -5235.864667 -5334.923644
340 1.700000 0.094895 -5356.662353 -5233.678586 -5334.926724
350 1.750000 0.095506 -5356.881810 -5233.106358 -5334.927179
360 1.800000 0.093295 -5355.405700 -5234.494803 -5334.923958
370 1.850000 0.093913 -5356.905518 -5235.194771 -5334.924814
380 1.900000 0.097232 -5358.482582 -5232.469750 -5334.928202
390 1.950000 0.094654 -5356.094867 -5233.423327 -5334.926287
400 2.000000 0.094133 -5353.367728 -5231.371569 -5334.924291
410 2.050000 0.093956 -5352.021848 -5230.255391 -5334.925308
420 2.100000 0.094383 -5351.304966 -5228.984322 -5334.924409
430 2.150000 0.092981 -5352.347050 -5231.843426 -5334.925090
440 2.200000 0.094121 -5354.272030 -5232.290770 -5334.924321
450 2.250000 0.094767 -5357.041856 -5234.224362 -5334.925771
460 2.300000 0.096333 -5360.656122 -5235.808167 -5334.926864
470 2.350000 0.099912 -5361.151029 -5231.665566 -5334.927276
480 2.400000 0.097731 -5357.459947 -5230.799947 -5334.923486
490 2.450000 0.096257 -5355.697539 -5230.948264 -5334.923409
500 2.500000 0.098581 -5357.961358 -5230.199752 -5334.927008
510 2.550000 0.098088 -5358.558691 -5231.436682 -5334.929482
520 2.600000 0.096617 -5355.171080 -5229.955212 -5334.924463
530 2.650000 0.095294 -5351.666885 -5228.165703 -5334.924101
540 2.700000 0.094489 -5350.261737 -5227.804113 -5334.922091
550 2.750000 0.096693 -5353.117545 -5227.803636 -5334.926381
560 2.800000 0.099128 -5355.102204 -5226.632916 -5334.925566
570 2.850000 0.100512 -5356.426117 -5226.162699 -5334.928321
580 2.900000 0.097578 -5354.783343 -5228.322180 -5334.926605
590 2.950000 0.095169 -5351.081109 -5227.741590 -5334.921070
600 3.000000 0.095278 -5350.713475 -5227.233547 -5334.920064
610 3.050000 0.095557 -5353.098559 -5229.256376 -5334.921557
620 3.100000 0.098082 -5356.106167 -5228.992522 -5334.926555
630 3.150000 0.098929 -5355.048518 -5226.837130 -5334.924580
640 3.200000 0.096393 -5352.064468 -5227.139329 -5334.922426
650 3.250000 0.096673 -5349.692573 -5224.404200 -5334.920292
660 3.300000 0.096457 -5350.599332 -5225.591522 -5334.921161
670 3.350000 0.097271 -5353.339820 -5227.276428 -5334.924917
680 3.400000 0.098645 -5353.215383 -5225.371877 -5334.922827
690 3.450000 0.096819 -5353.628570 -5228.150511 -5334.921398
700 3.500000 0.099353 -5355.428374 -5226.667292 -5334.923680
710 3.550000 0.098521 -5355.816035 -5228.133424 -5334.923406
720 3.600000 0.096968 -5355.030860 -5229.360783 -5334.924218
730 3.650000 0.095248 -5354.279271 -5230.838307 -5334.921701
740 3.700000 0.094469 -5354.291088 -5231.859443 -5334.923945
750 3.750000 0.093221 -5354.976110 -5234.161973 -5334.923798
760 3.800000 0.095026 -5357.483037 -5234.329366 -5334.924643
770 3.850000 0.097165 -5359.949788 -5234.023521 -5334.926159
780 3.900000 0.098125 -5360.174426 -5233.004211 -5334.924025
790 3.950000 0.099381 -5359.075257 -5230.278050 -5334.924078
800 4.000000 0.100043 -5355.771478 -5226.115497 -5334.923089
810 4.050000 0.098851 -5351.414609 -5223.303396 -5334.920182
820 4.100000 0.094901 -5349.032474 -5226.041271 -5334.921723
830 4.150000 0.095582 -5350.017939 -5226.143197 -5334.922138
840 4.200000 0.098625 -5353.069545 -5225.251842 -5334.922556
850 4.250000 0.102354 -5356.079503 -5223.428970 -5334.923431
860 4.300000 0.100362 -5356.969246 -5226.900141 -5334.925552
870 4.350000 0.097966 -5355.427764 -5228.463899 -5334.924370
880 4.400000 0.096722 -5353.828187 -5228.476572 -5334.923521
890 4.450000 0.096668 -5353.308168 -5228.026512 -5334.921730
900 4.500000 0.100005 -5355.628511 -5226.022031 -5334.924960
910 4.550000 0.099188 -5355.784384 -5227.236243 -5334.926090
920 4.600000 0.097146 -5352.084363 -5226.183011 -5334.920506
930 4.650000 0.096977 -5351.955968 -5226.274040 -5334.920699
940 4.700000 0.100113 -5354.033444 -5224.286933 -5334.923046
950 4.750000 0.098396 -5354.220342 -5226.698688 -5334.920903
960 4.800000 0.100156 -5354.366268 -5224.564245 -5334.920859
970 4.850000 0.100026 -5354.376824 -5224.743268 -5334.921718
980 4.900000 0.099296 -5353.877777 -5225.190713 -5334.921598
990 4.950000 0.097692 -5352.831360 -5226.221945 -5334.918534
1000 5.000000 0.097020 -5355.606678 -5229.868524 -5334.922119
1010 5.050000 0.099474 -5358.256291 -5229.337711 -5334.924256
1020 5.100000 0.099796 -5356.767310 -5227.431219 -5334.921950
1030 5.150000 0.097306 -5353.211126 -5227.101977 -5334.918738
1040 5.200000 0.099185 -5352.452055 -5223.907657 -5334.917581
1050 5.250000 0.098873 -5353.319278 -5225.179488 -5334.918563
1060 5.300000 0.098319 -5353.555506 -5226.133925 -5334.916077
1070 5.350000 0.100617 -5355.384979 -5224.985935 -5334.919428
1080 5.400000 0.099496 -5354.550733 -5225.604278 -5334.919491
1090 5.450000 0.095584 -5351.451714 -5227.575197 -5334.916282
1100 5.500000 0.096080 -5353.262870 -5228.742905 -5334.921724
1110 5.550000 0.096619 -5353.767289 -5228.549082 -5334.920035
1120 5.600000 0.094571 -5352.612515 -5230.047913 -5334.917960
1130 5.650000 0.094984 -5352.500864 -5229.401221 -5334.917422
1140 5.700000 0.094751 -5354.513181 -5231.715686 -5334.919267
1150 5.750000 0.096776 -5356.382491 -5230.960701 -5334.921274
1160 5.800000 0.095820 -5356.574729 -5232.392008 -5334.919550
1170 5.850000 0.094977 -5356.811777 -5233.722077 -5334.919618
1180 5.900000 0.095426 -5358.326609 -5234.654116 -5334.922828
1190 5.950000 0.097007 -5358.477012 -5232.755796 -5334.924212
1200 6.000000 0.097250 -5356.433476 -5230.396967 -5334.922611
1210 6.050000 0.093531 -5353.314408 -5232.098384 -5334.922033
1220 6.100000 0.094085 -5351.731930 -5229.797611 -5334.919334
1230 6.150000 0.097110 -5354.793948 -5228.940022 -5334.923335
1240 6.200000 0.098584 -5355.834485 -5228.069195 -5334.922930
1250 6.250000 0.097032 -5354.095112 -5228.341613 -5334.921288
1260 6.300000 0.094648 -5353.072356 -5230.408630 -5334.921183
1270 6.350000 0.093603 -5353.028008 -5231.718739 -5334.919800
1280 6.400000 0.096585 -5355.986381 -5230.811797 -5334.921373
1290 6.450000 0.098772 -5359.098861 -5231.090803 -5334.924048
1300 6.500000 0.100543 -5358.218725 -5227.914400 -5334.922561
1310 6.550000 0.097212 -5354.289903 -5228.302513 -5334.919195
1320 6.600000 0.097454 -5352.585617 -5226.284843 -5334.917799
1330 6.650000 0.097778 -5353.791619 -5227.071875 -5334.922992
1340 6.700000 0.099302 -5353.927293 -5225.232024 -5334.922924
1350 6.750000 0.097154 -5351.665329 -5225.753336 -5334.919709
1360 6.800000 0.096187 -5351.552443 -5226.893726 -5334.920656
1370 6.850000 0.100598 -5353.523359 -5223.148527 -5334.922283
1380 6.900000 0.101208 -5354.324969 -5223.159981 -5334.923301
1390 6.950000 0.098565 -5353.065421 -5225.325647 -5334.921492
1400 7.000000 0.100377 -5353.181857 -5223.092830 -5334.922277
1410 7.050000 0.102028 -5353.758214 -5221.529918 -5334.925596
1420 7.100000 0.097320 -5349.350142 -5223.223113 -5334.919735
1430 7.150000 0.096449 -5347.566468 -5222.568305 -5334.919262
1440 7.200000 0.098852 -5350.345879 -5222.233942 -5334.921564
1450 7.250000 0.102016 -5352.891356 -5220.678460 -5334.921551
1460 7.300000 0.103106 -5353.063797 -5219.438556 -5334.924038
1470 7.350000 0.101893 -5350.102251 -5218.049360 -5334.919432
1480 7.400000 0.102215 -5348.825787 -5216.354751 -5334.919488
1490 7.450000 0.102919 -5348.798389 -5215.415457 -5334.920841
1500 7.500000 0.099641 -5347.131725 -5217.996821 -5334.920627
1510 7.550000 0.098940 -5345.878812 -5217.652922 -5334.917078
1520 7.600000 0.102250 -5348.691385 -5216.175274 -5334.920852
1530 7.650000 0.103789 -5351.081171 -5216.570768 -5334.923167
1540 7.700000 0.105383 -5349.919308 -5213.343577 -5334.925693
1550 7.750000 0.098213 -5344.345075 -5217.061319 -5334.919555
1560 7.800000 0.097322 -5341.603191 -5215.473624 -5334.918150
1570 7.850000 0.099245 -5345.598833 -5216.976837 -5334.919929
1580 7.900000 0.104001 -5352.434580 -5217.648647 -5334.927372
1590 7.950000 0.102959 -5353.013139 -5219.578614 -5334.925255
1600 8.000000 0.100005 -5350.623979 -5221.017507 -5334.919693
1610 8.050000 0.101126 -5352.253460 -5221.194026 -5334.924767
1620 8.100000 0.101806 -5353.312311 -5221.372152 -5334.924362
1630 8.150000 0.102190 -5352.506426 -5220.068763 -5334.922921
1640 8.200000 0.097909 -5351.066233 -5224.176413 -5334.922906
1650 8.250000 0.098044 -5350.424322 -5223.358862 -5334.924422
1660 8.300000 0.097861 -5349.014083 -5222.185611 -5334.924863
1670 8.350000 0.097718 -5346.692387 -5220.049217 -5334.918098
1680 8.400000 0.102053 -5350.397977 -5218.137714 -5334.921682
1690 8.450000 0.107622 -5354.696429 -5215.217974 -5334.926531
1700 8.500000 0.103257 -5351.343786 -5217.522421 -5334.924266
1710 8.550000 0.097294 -5345.219818 -5219.127181 -5334.916955
1720 8.600000 0.097799 -5345.113171 -5218.365915 -5334.917088
1730 8.650000 0.100163 -5349.522260 -5219.710526 -5334.919756
1740 8.700000 0.103224 -5354.246707 -5220.468091 -5334.924347
1750 8.750000 0.103927 -5353.991706 -5219.302185 -5334.921712
1760 8.800000 0.102439 -5352.418554 -5219.658029 -5334.918612
1770 8.850000 0.102208 -5351.860511 -5219.398751 -5334.921324
1780 8.900000 0.100478 -5349.597012 -5219.378147 -5334.920241
1790 8.950000 0.101428 -5348.424408 -5216.973379 -5334.920904
1800 9.000000 0.101427 -5347.990176 -5216.540378 -5334.921858
1810 9.050000 0.100103 -5347.563593 -5217.830270 -5334.921738
1820 9.100000 0.101222 -5347.488804 -5216.305396 -5334.922117
1830 9.150000 0.102875 -5348.762097 -5215.436215 -5334.922902
1840 9.200000 0.101915 -5348.992931 -5216.911642 -5334.922999
1850 9.250000 0.101408 -5347.131248 -5215.706629 -5334.921124
1860 9.300000 0.103252 -5346.946560 -5213.132557 -5334.920220
1870 9.350000 0.104394 -5347.270423 -5211.976070 -5334.923769
1880 9.400000 0.102686 -5343.889376 -5210.808204 -5334.921048
1890 9.450000 0.100759 -5340.959770 -5210.376725 -5334.915093
1900 9.500000 0.105723 -5344.347042 -5207.329508 -5334.919797
1910 9.550000 0.106818 -5347.160642 -5208.724820 -5334.920211
1920 9.600000 0.105081 -5346.887696 -5210.702225 -5334.923100
1930 9.650000 0.102366 -5343.046266 -5210.379602 -5334.918092
1940 9.700000 0.100296 -5342.167524 -5212.183686 -5334.917232
1950 9.750000 0.105172 -5347.125621 -5210.822186 -5334.924237
1960 9.800000 0.106285 -5349.683353 -5211.937484 -5334.925326
1970 9.850000 0.102198 -5346.796370 -5214.347933 -5334.920626
1980 9.900000 0.102872 -5345.759051 -5212.437370 -5334.922201
1990 9.950000 0.103460 -5346.922629 -5212.838338 -5334.924259
2000 10.000000 0.103323 -5347.478012 -5213.571462 -5334.922746
2010 10.050000 0.105892 -5348.272220 -5211.036434 -5334.924352
2020 10.100000 0.103669 -5346.514791 -5212.159838 -5334.924100
2030 10.150000 0.099833 -5342.831525 -5213.447548 -5334.920598
2040 10.200000 0.099438 -5342.245720 -5213.373959 -5334.920665
2050 10.250000 0.100214 -5345.738288 -5215.861023 -5334.924835
2060 10.300000 0.101653 -5349.458034 -5217.716031 -5334.923182
2070 10.350000 0.105681 -5354.352168 -5217.388956 -5334.925362
2080 10.400000 0.105519 -5355.914938 -5219.161786 -5334.928655
2090 10.450000 0.101896 -5350.890785 -5218.833484 -5334.921616
2100 10.500000 0.098696 -5347.804235 -5219.894478 -5334.924125
2110 10.550000 0.098884 -5346.800409 -5218.647280 -5334.923337
2120 10.600000 0.099593 -5348.240228 -5219.167929 -5334.923314
2130 10.650000 0.101517 -5351.287471 -5219.721249 -5334.924524
2140 10.700000 0.105463 -5352.527674 -5215.847513 -5334.923785
2150 10.750000 0.104449 -5351.975212 -5216.608883 -5334.922126
2160 10.800000 0.104285 -5352.690198 -5217.536253 -5334.922021
2170 10.850000 0.105862 -5356.199531 -5219.002219 -5334.927129
2180 10.900000 0.103611 -5354.898396 -5220.618477 -5334.926368
2190 10.950000 0.099204 -5350.343591 -5221.774905 -5334.922962
2200 11.000000 0.099254 -5349.407756 -5220.773965 -5334.920908
2210 11.050000 0.102453 -5353.249497 -5220.469893 -5334.927207
2220 11.100000 0.104482 -5354.031801 -5218.623579 -5334.929205
2230 11.150000 0.100021 -5348.040909 -5218.413906 -5334.923240
2240 11.200000 0.095817 -5343.498090 -5219.319780 -5334.920075
2250 11.250000 0.098111 -5344.929317 -5217.776953 -5334.920103
2260 11.300000 0.103901 -5351.556944 -5216.900878 -5334.925826
2270 11.350000 0.105817 -5354.363420 -5217.224039 -5334.926849
2280 11.400000 0.102516 -5351.181696 -5218.320689 -5334.924054
2290 11.450000 0.101440 -5347.652703 -5216.186397 -5334.921099
2300 11.500000 0.100162 -5347.131821 -5217.321530 -5334.922989
2310 11.550000 0.100018 -5347.847317 -5218.223380 -5334.924088
2320 11.600000 0.102047 -5348.979228 -5216.726800 -5334.921367
2330 11.650000 0.104871 -5351.148102 -5215.235394 -5334.922411
2340 11.700000 0.106286 -5351.868204 -5214.121275 -5334.925178
2350 11.750000 0.105118 -5347.825138 -5211.592664 -5334.921165
2360 11.800000 0.100456 -5343.075185 -5212.884474 -5334.918320
2370 11.850000 0.100540 -5342.767565 -5212.467251 -5334.917225
2380 11.900000 0.100790 -5346.549562 -5215.925533 -5334.922181
2390 11.950000 0.101193 -5349.653406 -5218.506842 -5334.921653
2400 12.000000 0.102775 -5351.673490 -5218.476507 -5334.921648
2410 12.050000 0.103873 -5352.557492 -5217.937743 -5334.923242
2420 12.100000 0.103937 -5349.805505 -5215.103069 -5334.918602
2430 12.150000 0.103511 -5349.575327 -5215.425124 -5334.920807
2440 12.200000 0.105900 -5350.583915 -5213.337677 -5334.924330
2450 12.250000 0.102393 -5347.367342 -5214.666172 -5334.920195
2460 12.300000 0.100217 -5345.364960 -5215.483710 -5334.918137
2470 12.350000 0.102745 -5347.758440 -5214.601458 -5334.922173
2480 12.400000 0.103437 -5349.372636 -5215.318662 -5334.924903
2490 12.450000 0.101686 -5347.245880 -5215.461415 -5334.922479
2500 12.500000 0.097885 -5345.603979 -5218.744513 -5334.918597
2510 12.550000 0.098918 -5348.601845 -5220.403501 -5334.925382
2520 12.600000 0.100580 -5350.171357 -5219.819950 -5334.925944
2530 12.650000 0.102499 -5350.075832 -5217.236650 -5334.925161
2540 12.700000 0.099412 -5348.657994 -5219.819426 -5334.923294
2550 12.750000 0.098505 -5349.351762 -5221.689875 -5334.925011
2560 12.800000 0.099768 -5350.621009 -5221.321309 -5334.925571
2570 12.850000 0.101044 -5351.837797 -5220.884204 -5334.926995
2580 12.900000 0.100740 -5351.302707 -5220.743769 -5334.927373
2590 12.950000 0.098522 -5349.485691 -5221.800986 -5334.926128
2600 13.000000 0.096498 -5348.894649 -5223.832614 -5334.924672
2610 13.050000 0.098876 -5350.217094 -5222.073237 -5334.925360
2620 13.100000 0.096932 -5352.161527 -5226.537090 -5334.927318
2630 13.150000 0.097433 -5353.481806 -5227.208044 -5334.927458
2640 13.200000 0.096629 -5352.900548 -5227.668782 -5334.925416
2650 13.250000 0.097770 -5353.618576 -5226.908256 -5334.924292
2660 13.300000 0.102660 -5357.670598 -5224.622671 -5334.927959
2670 13.350000 0.105236 -5358.531403 -5222.145853 -5334.928055
2680 13.400000 0.099837 -5354.164776 -5224.775828 -5334.925358
2690 13.450000 0.100323 -5350.395784 -5220.377072 -5334.923736
2700 13.500000 0.097171 -5348.146803 -5222.213584 -5334.924867
2710 13.550000 0.097647 -5346.338093 -5219.787382 -5334.923813
2720 13.600000 0.102364 -5348.113532 -5215.450269 -5334.921923
2730 13.650000 0.108150 -5352.982175 -5212.819621 -5334.930204
2740 13.700000 0.107150 -5350.843782 -5211.977598 -5334.926610
2750 13.750000 0.103111 -5345.432264 -5211.800300 -5334.921557
2760 13.800000 0.101723 -5344.843735 -5213.010295 -5334.922813
2770 13.850000 0.104827 -5348.599495 -5212.744005 -5334.923987
2780 13.900000 0.107224 -5351.452669 -5212.490549 -5334.928234
2790 13.950000 0.103888 -5348.896682 -5214.257551 -5334.926042
2800 14.000000 0.099243 -5345.467636 -5216.848357 -5334.921142
2810 14.050000 0.102074 -5347.120393 -5214.832806 -5334.926358
2820 14.100000 0.103016 -5347.955570 -5214.447129 -5334.928840
2830 14.150000 0.099617 -5345.178433 -5216.075043 -5334.926515
2840 14.200000 0.098316 -5343.151995 -5215.733845 -5334.921062
2850 14.250000 0.101554 -5347.619549 -5216.006020 -5334.925212
2860 14.300000 0.106618 -5353.193371 -5215.016287 -5334.928724
2870 14.350000 0.107588 -5353.919686 -5214.485358 -5334.928986
2880 14.400000 0.103260 -5348.610674 -5214.785368 -5334.924248
2890 14.450000 0.099117 -5344.248043 -5215.792362 -5334.923173
2900 14.500000 0.097761 -5343.870653 -5217.172577 -5334.923484
2910 14.550000 0.101135 -5346.589152 -5215.518209 -5334.925833
2920 14.600000 0.101010 -5347.171982 -5216.263103 -5334.923713
2930 14.650000 0.102050 -5349.047050 -5216.790845 -5334.925412
2940 14.700000 0.102102 -5350.125185 -5217.800655 -5334.923769
2950 14.750000 0.105159 -5352.367460 -5216.080806 -5334.925423
2960 14.800000 0.105744 -5352.893341 -5215.849214 -5334.926217
2970 14.850000 0.105217 -5351.108517 -5214.746714 -5334.925675
2980 14.900000 0.101820 -5346.193175 -5214.233989 -5334.924893
2990 14.950000 0.098534 -5342.384961 -5214.684588 -5334.920752
3000 15.000000 0.101291 -5345.448560 -5214.176022 -5334.927357
3010 15.050000 0.102475 -5347.458277 -5214.650469 -5334.926314
3020 15.100000 0.101710 -5346.742392 -5214.926835 -5334.923812
3030 15.150000 0.100358 -5345.747450 -5215.683992 -5334.925469
3040 15.200000 0.099472 -5343.480676 -5214.564788 -5334.923164
3050 15.250000 0.100165 -5342.976294 -5213.163001 -5334.920297
3060 15.300000 0.103765 -5346.963108 -5212.484279 -5334.923633
3070 15.350000 0.106544 -5350.607534 -5212.526740 -5334.925473
3080 15.400000 0.105431 -5350.580567 -5213.941529 -5334.926059
3090 15.450000 0.102122 -5346.846308 -5214.496133 -5334.921014
3100 15.500000 0.102002 -5347.609701 -5215.415351 -5334.923286
3110 15.550000 0.102828 -5350.662278 -5217.397514 -5334.928257
3120 15.600000 0.100772 -5349.662033 -5219.061576 -5334.924310
3130 15.650000 0.100250 -5348.462354 -5218.538317 -5334.924337
3140 15.700000 0.101668 -5348.821355 -5217.060231 -5334.925934
3150 15.750000 0.102875 -5349.935188 -5216.609644 -5334.928852
3160 15.800000 0.101259 -5348.596888 -5217.365406 -5334.926880
3170 15.850000 0.100551 -5348.731574 -5218.416898 -5334.926761
3180 15.900000 0.101945 -5349.700816 -5217.579501 -5334.928873
3190 15.950000 0.104282 -5349.871086 -5214.721229 -5334.926763
3200 16.000000 0.105465 -5349.609817 -5212.927017 -5334.929382
3210 16.050000 0.102226 -5346.836890 -5214.351703 -5334.926085
3220 16.100000 0.102815 -5345.471499 -5212.223586 -5334.926966
3230 16.150000 0.102723 -5346.099221 -5212.970357 -5334.929239
3240 16.200000 0.102962 -5346.585676 -5213.146289 -5334.926316
3250 16.250000 0.104399 -5348.205665 -5212.904143 -5334.927242
3260 16.300000 0.105405 -5347.857599 -5211.252607 -5334.928102
3270 16.350000 0.101375 -5344.213815 -5212.832344 -5334.927661
3280 16.400000 0.096715 -5340.741356 -5215.398823 -5334.922318
3290 16.450000 0.099017 -5345.164947 -5216.838697 -5334.928673
3300 16.500000 0.102802 -5351.082755 -5217.850844 -5334.932906
3310 16.550000 0.104973 -5352.586627 -5216.541403 -5334.932710
3320 16.600000 0.102864 -5350.079098 -5216.767286 -5334.928030
3330 16.650000 0.101669 -5349.006693 -5217.243803 -5334.926767
3340 16.700000 0.102511 -5351.934594 -5219.080943 -5334.930284
3350 16.750000 0.101876 -5353.473665 -5221.441904 -5334.933468
3360 16.800000 0.098332 -5350.573805 -5223.135042 -5334.929568
3370 16.850000 0.096023 -5348.327187 -5223.880916 -5334.927727
3380 16.900000 0.096516 -5350.409733 -5225.325356 -5334.928257
3390 16.950000 0.100822 -5353.835396 -5223.169727 -5334.929023
3400 17.000000 0.102970 -5356.279149 -5222.830473 -5334.928817
3410 17.050000 0.102533 -5357.671119 -5224.787820 -5334.930395
3420 17.100000 0.101621 -5356.263789 -5224.562627 -5334.933131
3430 17.150000 0.097668 -5350.995828 -5224.417476 -5334.930279
3440 17.200000 0.092977 -5347.840285 -5227.342024 -5334.927226
3450 17.250000 0.094151 -5351.123841 -5229.104577 -5334.930346
3460 17.300000 0.094304 -5355.858286 -5233.640609 -5334.935109
3470 17.350000 0.095070 -5357.796871 -5234.585833 -5334.934321
3480 17.400000 0.096935 -5358.518460 -5232.890372 -5334.933444
3490 17.450000 0.095968 -5357.766751 -5233.392813 -5334.933292
3500 17.500000 0.093700 -5356.918882 -5235.484042 -5334.932807
3510 17.550000 0.093682 -5357.452424 -5236.040279 -5334.937017
3520 17.600000 0.094450 -5355.972115 -5233.565115 -5334.935251
3530 17.650000 0.092962 -5354.201883 -5233.722982 -5334.932230
3540 17.700000 0.094113 -5354.857355 -5232.886757 -5334.935086
3550 17.750000 0.095005 -5355.135131 -5232.009059 -5334.934406
3560 17.800000 0.093164 -5354.731715 -5233.991004 -5334.932248
3570 17.850000 0.096796 -5357.781074 -5232.333544 -5334.935462
3580 17.900000 0.097898 -5360.957380 -5234.081036 -5334.937903
3590 17.950000 0.098205 -5361.133404 -5233.859770 -5334.936424
3600 18.000000 0.098300 -5359.431864 -5232.034495 -5334.936587
3610 18.050000 0.096585 -5356.319933 -5231.145554 -5334.934017
3620 18.100000 0.094067 -5354.118574 -5232.207308 -5334.931447
3630 18.150000 0.095680 -5354.384625 -5230.383829 -5334.932476
3640 18.200000 0.099855 -5356.170229 -5226.758717 -5334.935043
3650 18.250000 0.096539 -5354.245683 -5229.130625 -5334.931675
3660 18.300000 0.096721 -5354.249257 -5228.898294 -5334.932863
3670 18.350000 0.099480 -5355.257694 -5226.331384 -5334.932461
3680 18.400000 0.101219 -5353.970789 -5222.791526 -5334.931182
3690 18.450000 0.100389 -5351.180920 -5221.077041 -5334.929962
3700 18.500000 0.099556 -5349.464217 -5220.439540 -5334.927205
3710 18.550000 0.099637 -5349.692937 -5220.562865 -5334.929660
3720 18.600000 0.097014 -5349.851495 -5224.120761 -5334.925903
3730 18.650000 0.101287 -5354.301087 -5223.032868 -5334.929714
3740 18.700000 0.102049 -5357.582208 -5225.326172 -5334.930590
3750 18.750000 0.101303 -5357.822038 -5226.533077 -5334.930858
3760 18.800000 0.098719 -5355.667969 -5227.728393 -5334.928522
3770 18.850000 0.099497 -5354.469994 -5225.522075 -5334.928184
3780 18.900000 0.100468 -5354.281082 -5224.075134 -5334.928774
3790 18.950000 0.097575 -5351.779181 -5225.321511 -5334.929777
3800 19.000000 0.094199 -5348.121769 -5226.039689 -5334.925204
3810 19.050000 0.094549 -5349.319717 -5226.784390 -5334.928464
3820 19.100000 0.098577 -5352.632241 -5224.876860 -5334.929752
3830 19.150000 0.098757 -5354.077371 -5226.088312 -5334.928373
3840 19.200000 0.099080 -5354.537859 -5226.129719 -5334.926567
3850 19.250000 0.099931 -5354.539512 -5225.029536 -5334.926550
3860 19.300000 0.100582 -5354.189271 -5223.835358 -5334.926697
