S1,S2
0.5116279069767442,0.5131578947368421
0.4810126582278481,0.5377358490566038
0.5,0.5
0.5045045045045045,0.5333333333333333
0.54,0.5490196078431373
0.5607476635514018,0.4888888888888889
0.4774774774774775,0.44660194174757284
0.5638297872340425,0.5288461538461539
0.48695652173913045,0.5408163265306123
0.5047619047619047,0.5172413793103449
0.4473684210526316,0.5392156862745098
0.5154639175257731,0.48214285714285715
0.5390625,0.5428571428571428
0.4953271028037383,0.5104166666666666
0.45098039215686275,0.5137614678899083
0.4778761061946903,0.5242718446601942
0.4368932038834951,0.5531914893617021
0.4716981132075472,0.4368932038834951
0.47474747474747475,0.5416666666666666
0.4479166666666667,0.49504950495049505
0.4845360824742268,0.5106382978723404
0.5483870967741935,0.5384615384615384
0.5327102803738317,0.5480769230769231
0.4787234042553192,0.43564356435643564
0.475,0.4485981308411215
0.47619047619047616,0.580952380952381
0.4563106796116505,0.47474747474747475
0.4791666666666667,0.5575221238938053
0.5,0.5232558139534884
0.5463917525773195,0.46601941747572817
0.47572815533980584,0.5740740740740741
0.5,0.4659090909090909
0.5566037735849056,0.43434343434343436
0.5,0.5319148936170213
0.49514563106796117,0.5164835164835165
0.5384615384615384,0.4782608695652174
0.4727272727272727,0.5531914893617021
0.42718446601941745,0.44144144144144143
0.5052631578947369,0.5288461538461539
0.44554455445544555,0.44
0.49122807017543857,0.5420560747663551
0.5555555555555556,0.4536082474226804
0.5119047619047619,0.45454545454545453
0.46875,0.5913978494623656
0.42727272727272725,0.5416666666666666
0.4727272727272727,0.5567010309278351
0.5104166666666666,0.48936170212765956
0.5454545454545454,0.5304347826086957
0.46153846153846156,0.4583333333333333
0.43564356435643564,0.5978260869565217
0.5555555555555556,0.5161290322580645
0.45614035087719296,0.46153846153846156
0.5529411764705883,0.4895833333333333
0.5882352941176471,0.45132743362831856
0.4957983193277311,0.4948453608247423
0.5148514851485149,0.4175824175824176
0.4891304347826087,0.46153846153846156
0.5714285714285714,0.3956043956043956
0.41414141414141414,0.47191011235955055
0.5164835164835165,0.5053763440860215
0.59,0.5408163265306123
0.44660194174757284,0.5086206896551724
0.5102040816326531,0.4835164835164835
0.4351851851851852,0.4953271028037383
0.5135135135135135,0.43820224719101125
0.5102040816326531,0.38095238095238093
0.4186046511627907,0.4895833333333333
0.6082474226804123,0.4583333333333333
0.49504950495049505,0.4888888888888889
0.5376344086021505,0.4077669902912621
0.5051546391752577,0.4722222222222222
0.5454545454545454,0.4563106796116505
0.5161290322580645,0.5412844036697247
0.42857142857142855,0.5161290322580645
0.4842105263157895,0.4491525423728814
0.49122807017543857,0.5454545454545454
0.45,0.5267857142857143
0.5092592592592593,0.41284403669724773
0.5802469135802469,0.5
0.5,0.5225225225225225
0.4791666666666667,0.4857142857142857
0.5294117647058824,0.5677966101694916
0.5436893203883495,0.5051546391752577
0.5802469135802469,0.5454545454545454
0.47126436781609193,0.5567010309278351
0.49411764705882355,0.5217391304347826
0.5283018867924528,0.5
0.4423076923076923,0.6
0.4105263157894737,0.5227272727272727
0.5,0.5268817204301075
0.4215686274509804,0.4444444444444444
0.5377358490566038,0.4945054945054945
0.411214953271028,0.4329896907216495
0.48148148148148145,0.4948453608247423
0.5,0.41904761904761906
0.53125,0.47619047619047616
0.5463917525773195,0.4673913043478261
0.5463917525773195,0.49473684210526314
0.5376344086021505,0.45794392523364486
0.4918032786885246,0.4766355140186916
0,0.18478260869565216
0,0.25301204819277107
0,0.17543859649122806
0,0.17204301075268819
0,0.16326530612244897
0,0.18478260869565216
0,0.17391304347826086
0,0.22522522522522523
0,0.15217391304347827
0,0.2222222222222222
0.29896907216494845,0.24175824175824176
0.205607476635514,0.30392156862745096
0.24096385542168675,0.18867924528301888
0.20192307692307693,0.1935483870967742
0.23595505617977527,0.2553191489361702
0.29292929292929293,0.23529411764705882
0.27848101265822783,0.2980769230769231
0,0.16981132075471697
0,0.19090909090909092
0,0.1782178217821782
0,0.21428571428571427
0,0.17708333333333334
0,0.17142857142857143
0.20454545454545456,0.2616822429906542
0.20388349514563106,0.26804123711340205
0.20353982300884957,0.2111111111111111
0.20454545454545456,0.17699115044247787
0.2736842105263158,0.3157894736842105
0.19736842105263158,0.28
0.4077669902912621,0.2857142857142857
0.59375,0.31313131313131315
0.4375,0.3211009174311927
0.4444444444444444,0.30337078651685395
0,0.21875
0,0.24705882352941178
0,0.2037037037037037
0,0.23255813953488372
0,0.2072072072072072
0,0.16161616161616163
0,0.16666666666666666
0,0.20212765957446807
0,0.1981981981981982
0,0.16666666666666666
0,0.23809523809523808
0,0.2627118644067797
0,0.21296296296296297
0,0.21153846153846154
0,0.23232323232323232
0.18518518518518517,0
0.1836734693877551,0
0.22340425531914893,0
0.23423423423423423,0
0.22033898305084745,0
0.25892857142857145,0
0.23684210526315788,0
0,0.22935779816513763
0,0.16494845360824742
0,0.22321428571428573
0,0.22448979591836735
0,0.1717171717171717
0,0.1595744680851064
0,0.18627450980392157
0,0.18556701030927836
0.24444444444444444,0.25471698113207547
0.24210526315789474,0.30337078651685395
0.26436781609195403,0.2564102564102564
0.30337078651685395,0.16161616161616163
0.29357798165137616,0.3048780487804878
0.21818181818181817,0.3076923076923077
0,0.16
0.2,0.3125
0.20689655172413793,0.28865979381443296
0.2815533980582524,0.3448275862068966
0.18446601941747573,0.17796610169491525
0.18867924528301888,0.22340425531914893
0.26881720430107525,0.1839080459770115
0.21296296296296297,0.16216216216216217
0.2087912087912088,0.24528301886792453
0,0.27722772277227725
0,0.20168067226890757
0,0.21739130434782608
0,0.24742268041237114
0,0.19607843137254902
0,0.20224719101123595
0,0.21
0,0.23529411764705882
0,0.2558139534883721
0,0.2653061224489796
0,0.21782178217821782
0,0.28448275862068967
0,0.21875
0,0.21978021978021978
0,0.2616822429906542
0,0.16666666666666666
0,0.23170731707317074
0,0.19090909090909092
0.23008849557522124,0
0.21739130434782608,0
0.22429906542056074,0
0.2169811320754717,0
0.18627450980392157,0
0,0.15315315315315314
0,0.20430107526881722
0,0.1792452830188679
0,0.18446601941747573
0,0.16071428571428573
0,0.1744186046511628
0,0.18181818181818182
0.28846153846153844,0.24175824175824176
0.2755102040816326,0.2672413793103448
0.30526315789473685,0.24107142857142858
0.31521739130434784,0.27884615384615385
0.2897196261682243,0.29464285714285715
0.30337078651685395,0.25
0.28695652173913044,0.20430107526881722
0.3229166666666667,0.30357142857142855
0.29896907216494845,0.2808988764044944
0.2549019607843137,0.24299065420560748
0.21359223300970873,0.27184466019417475
0.25961538461538464,0.3372093023255814
0.24778761061946902,0.2403846153846154
0.22330097087378642,0.29411764705882354
0.22857142857142856,0.19540229885057472
0.3008849557522124,0.25806451612903225
0.2037037037037037,0.22826086956521738
0.23404255319148937,0.2222222222222222
0.2079207920792079,0.25
0.21212121212121213,0
0.21818181818181817,0
0.19444444444444445,0
0.21428571428571427,0
